graph 1 3.8138 2.75
node 0 0.56378 2.5 0.5 0.5 0 filled circle black green
node 1 0.56378 1.75 0.5 0.5 1 solid circle black lightgrey
node 2 0.56378 1 0.5 0.5 2 solid circle black lightgrey
node 3 1.5638 1 0.5 0.5 3 solid circle black lightgrey
node 4 1.5638 2.5 0.5 0.5 4 solid circle black lightgrey
node 5 1.5638 1.75 0.5 0.5 5 solid circle black lightgrey
node 6 1.5638 0.25 0.5 0.5 6 solid circle black lightgrey
node 7 2.5638 0.97222 0.5 0.5 7 solid circle black lightgrey
node 8 2.5638 2.25 0.5 0.5 8 solid circle black lightgrey
node 9 3.5638 1.2917 0.5 0.5 9 filled circle black yellow
edge 0 1 4 0.56378 2.2471 0.56378 2.1654 0.56378 2.0837 0.56378 2.002 solid black
edge 0 2 10 0.35371 2.3547 0.24502 2.2663 0.12297 2.1429 0.063781 2 -0.02126 1.7947 -0.02126 1.7053 0.063781 1.5 0.12297 1.3571 0.24502 1.2337 0.35371 1.1453 solid black
edge 0 3 4 0.71285 2.2914 0.8986 2.0049 1.2307 1.4924 1.4159 1.2068 solid black
edge 1 2 4 0.56378 1.4971 0.56378 1.4154 0.56378 1.3337 0.56378 1.252 solid black
edge 1 4 4 0.76975 1.8982 0.94019 2.0297 1.1879 2.2207 1.3582 2.3521 solid black
edge 1 5 4 0.81799 1.75 0.96869 1.75 1.1622 1.75 1.3123 1.75 solid black
edge 2 3 4 0.81799 1 0.96869 1 1.1622 1 1.3123 1 solid black
edge 2 5 4 0.76975 1.1482 0.94019 1.2797 1.1879 1.4707 1.3582 1.6021 solid black
edge 2 6 4 0.76975 0.85182 0.94019 0.72034 1.1879 0.52926 1.3582 0.39787 solid black
edge 3 6 4 1.5638 0.74709 1.5638 0.66537 1.5638 0.58366 1.5638 0.50195 solid black
edge 3 7 4 1.818 0.99313 1.9687 0.98883 2.1622 0.9833 2.3123 0.97901 solid black
edge 4 5 4 1.5638 2.2471 1.5638 2.1654 1.5638 2.0837 1.5638 2.002 solid black
edge 4 8 4 1.8081 2.4408 1.9608 2.4015 2.1606 2.3501 2.3144 2.3106 solid black
edge 5 6 10 1.3537 1.6047 1.245 1.5163 1.123 1.3929 1.0638 1.25 0.97874 1.0447 0.97874 0.95531 1.0638 0.75 1.123 0.60709 1.245 0.48374 1.3537 0.3953 solid black
edge 5 8 4 1.7934 1.861 1.9546 1.9438 2.1738 2.0566 2.3347 2.1393 solid black
edge 5 9 4 1.8117 1.6956 2.1912 1.6074 2.9368 1.4341 3.3162 1.346 solid black
edge 6 7 4 1.7697 0.39269 1.9402 0.5193 2.1879 0.7033 2.3582 0.82983 solid black
edge 6 9 7 1.8139 0.28175 2.0727 0.32418 2.4937 0.41605 2.8138 0.59722 3.0431 0.72704 3.2564 0.94314 3.3938 1.0999 solid black
edge 7 9 4 2.8032 1.0463 2.958 1.0972 3.1629 1.1645 3.3189 1.2158 solid black
edge 8 9 4 2.7515 2.0787 2.9284 1.9042 3.2012 1.6354 3.3776 1.4615 solid black
stop
