graph 1 1.8138 2
node 0 0.56378 1.75 0.5 0.5 0 filled circle black green
node 1 0.56378 1 0.5 0.5 1 solid circle black lightgrey
node 2 0.56378 0.25 0.5 0.5 2 solid circle black lightgrey
node 3 1.5638 1.5556 0.5 0.5 3 solid circle black lightgrey
node 4 1.5638 0.43056 0.5 0.5 4 filled circle black yellow
edge 0 1 4 0.56378 1.4971 0.56378 1.4154 0.56378 1.3337 0.56378 1.252 solid black
edge 0 2 10 0.35371 1.6047 0.24502 1.5163 0.12297 1.3929 0.063781 1.25 -0.02126 1.0447 -0.02126 0.95531 0.063781 0.75 0.12297 0.60709 0.24502 0.48374 0.35371 0.3953 solid black
edge 0 3 4 0.81302 1.7029 0.96587 1.6724 1.1643 1.6327 1.3167 1.6022 solid black
edge 1 2 4 0.56378 0.74709 0.56378 0.66537 0.56378 0.58366 0.56378 0.50195 solid black
edge 1 4 4 0.78385 0.87924 0.94884 0.7826 1.1791 0.64774 1.344 0.55115 solid black
edge 2 3 4 0.72533 0.44829 0.90913 0.6951 1.2211 1.114 1.404 1.3597 solid black
edge 2 4 4 0.81302 0.29371 0.96587 0.3221 1.1643 0.35894 1.3167 0.38725 solid black
edge 3 4 4 1.5638 1.3028 1.5638 1.0955 1.5638 0.88828 1.5638 0.68104 solid black
stop
