0 62
0 1 9
1 2 10
2 3 11
3 4 12
4 5 13
5 6 14
6 7 15
7 8 16
8 17
9 10 18
10 11 19
11 12 20
12 13 21
13 14 22
14 15 23
15 16 24
16 17 25
17 26
18 19 27
19 20 28
20 21 29
21 22 30
22 23 31
23 24 32
24 25 33
25 26 34
26 35
27 28 36
28 29 37
29 30 38
30 31 39
31 32 40
32 33 41
33 34 42
34 35 43
35 44
36 37 45
37 38 46
38 39 47
39 40 48
40 41 49
41 42 50
42 43 51
43 44 52
44 53
45 46 54
46 47 55
47 48 56
48 49 57
49 50 58
50 51 59
51 52 60
52 53 61
53 62
54 55
55 56
56 57
57 58
58 59
59 60
60 61
61 62
62
