0 62
0 1 8
1 2 9
2 3 10
3 4 11
4 5 12
5 6 13
6 7 14
7 15
8 9 16
9 10 17
10 11 18
11 12 19
12 13 20
13 14 21
14 15 22
15 23
16 17 24
17 18 25
18 19 26
19 20 27
20 21 28
21 22 29
22 23 30
23 31
24 25 32
25 26 33
26 27 34
27 28 35
28 29 36
29 30 37
30 31 38
31 39
32 33 40
33 34 41
34 35 42
35 36 43
36 37 44
37 38 45
38 39 46
39 47
40 41 48
41 42 49
42 43 50
43 44 51
44 45 52
45 46 53
46 47 54
47 55
48 49 56
49 50 57
50 51 58
51 52 59
52 53 60
53 54 61
54 55 62
55
56 57
57 58
58 59
59 60
60 61
61 62
62
